Clouds: 0.1469315
Palette: 731
PlacedObjects: LightSource><1648.578><588.7338><0.2034753~Environment~-241.8958~-194.5438~-354.1083~-170.2339~1~1~None~0~0, LightBeam><1553.245><142.3309><53.35956~501.025~144.5845~504.5823~184.4261~3.557297~-295.2552~-39.13022~0.5623978~0.2551966~0~1~None~0~0, LightSource><1651.526><195.7469><0.6365363~Environment~-315.176~-158.2594~-354.1083~-170.2339~1~0~None~0~0, LightSource><1656.506><481.7532><0.5978699~Environment~-158.6552~-250.749~-354.1083~-170.2339~1~0~None~0~0, CustomDecal><1236.446><116.8453><-7.114563~218.5761~202.924~217.1531~190.8292~-1.422913~-320.1563~14.9406~0.06186593~1~0~anthrocat~0.5386661~0~0.3762685~0~0.2138698~0.4949274~0.5~0.9511891, CustomDecal><1316.429><126.7354><-12.09479~139.6042~272.6469~171.6198~261.975~33.43855~-320.1563~14.9406~0.06186593~1~0~tag junk7~1~0~1~1~1~1~1~1, CustomDecal><1134.296><135.2729><-12.09479~139.6042~-164.9~148.8531~-146.4021~4.980209~287.4291~93.20099~0.06186593~1~0~tag junk11~0.2421411~0~0.636537~1~0.636537~1~0.636537~1, CustomDecal><988.9469><139.5416><-8.537476~185.1376~-345.6104~164.5052~-356.2825~-41.26459~-524.3448~64.03119~0.06186593~1~0~bluebrownbutblackwhite~0.340263~1~0.340263~1~0.340263~1~0.340263~1, CustomDecal><1939.667><172.2687><-2.845764~94.78241~-207.5875~151.699~-229.6429~37.70731~-524.3448~64.03119~0.2474631~1~0~whitetag4~0.6418597~1~0.6418597~1~0.6418597~1~0.6418597~1, 
AmbientSounds: SPOT><AM_ENV-Outside.ogg><821.0223><177.6937><0.4381342><1><1662.828><601.027><-23.2605><-90.13763><0><0.1, 
FadePalette: 728, 0, 0
