Template: NONE
CeilingDrips: 0.5543478
WaveSpeed: 0.5953352
WaveLength: 0.3376017
WaveAmplitude: 0.08506576
SecondWaveLength: 0.1666667
SecondWaveAmplitude: 0
Clouds: 0
Grime: 0.4924817
WaterReflectionAlpha: 0.3682745
Palette: 333
EffectColorA: 2
EffectColorB: 6
Effects: Darkness-0.6195652-20-20, Ant-1-304.7375-17.62222, RockFlea-1-336.2552-70.2222, Fog-0.5-24-74, LightBurn-0.2934783-277-131, 
PlacedObjects: LightSource><4353.941><1126.059><0.1413043~White~-333~19~-309~64.60254~0~0~None~0~0, CustomDecal><4596.574><981.6649><-27.40314~175.5555~179.1656~215~213.4146~26.51111~-302.6562~-254.0222~0.2826087~1~0~e7d~0.223664~0.4945427~0.223664~0.4945427~0.223664~0.4945427~0.223664~0.4945427, LightSource><4922.123><1124.596><0.1413043~White~-345~142~50~86.60254~0~0~None~0~0, CustomDecal><5042.184><1187.079><8~126~157~134~156~-11~-35.65723~-322.6~0.2717391~1~0~tag loss~0.2717391~0.25~0.2717391~0.25~0.2717391~0.25~0.2717391~0.25, CustomDecal><4228.739><1057.95><19~281~245~251~225~-1~-163.4229~-261.8667~0.3043478~1~0~rustb1~0.5760869~0~0.5760869~0~0.5760869~0~0.5760869~0, CustomDecal><4826.655><1067.623><-29~273~206~246~205~-16~-140.6125~-336.2222~0.3152174~1~0~rustb3~0.5067033~0~0.5067033~0~0.5067033~0~0.5067033~0, LightSource><3678.875><1131.594><0.1413043~White~-282~169~50~86.60254~0~0~None~0~0, LightSource><3130><1126><0.1413043~White~-282~169~50~86.60254~0~0~None~0~0, CustomDecal><3542><1052><16~275~271~282~239~-48~-297~-189~0.3152174~1~0~rustb1~0.5543478~0~0.5543478~0~0.5543478~0~0.5543478~0, CustomDecal><2999><1066><16~275~244~278~216~3~312~-208~0.3152174~1~0~rustb3~0.5543478~0~0.5543478~0~0.5543478~0~0.5543478~0, CustomDecal><3721><1144><153~254~557~25~399~-276~-521~-318~0.173913~0.4891304~0.7173913~sburb~0.2173913~0.1630435~0.2173913~0.1630435~0.2173913~0.1630435~0.2173913~0.1630435, CustomDecal><4049.571><1034.34><11~90~141~63~134~-29~-476~-76~0~1~0~whitetag10~0.3152174~0~0.3152174~0~0.3152174~0~0.3152174~0, LightBeam><3211.669><1012.183><-36~513~92~518~248~-27~1~-174~0.2586955~0~0~0~None~0~0, LightSource><3335.987><1081.481><0.1666107~Environment~-257.6719~113.4222~50~86.60254~0~1~None~0~0, InsectGroup><3279.362><1301.834><-137~135~75~1~Beetle~0.423913, LightSource><3240.553><1505.222><0.5146067~Environment~-175.1428~-46.57788~-71.65939~-344.3308~0~1~None~0~0, LightSource><2443><1132><0.1413043~White~-282~169~50~86.60254~0~0~None~0~0, LightSource><1882><1128><0.1413043~White~-282~169~50~86.60254~0~0~None~0~0, LightBeam><1568><993><-123~570~-12~582~183~-5~1~-174~0.1826086~0~0~0~None~0~0, LightSource><1653><1033><0.1666107~Environment~-257.6719~113.4222~50~86.60254~0~1~None~0~0, InsectGroup><1553><1288><-137~135~75~1~Beetle~0.423913, LightSource><1520><1506><0.5146067~Environment~-175.1428~-46.57788~-71.65939~-344.3308~0~1~None~0~0, LightBeam><530><892><324~679~407~674~238~-10~1~-174~0.2260868~0~0~0~None~0~0, LightSource><660><913><0.1448716~Environment~-307.6719~98.42221~50~86.60254~0~1~None~0~0, InsectGroup><754><1155><-330~105~75~1~Beetle~0.423913, LightSource><853><1474><0.5146067~Environment~-175.1428~-46.57788~-71.65939~-344.3308~0~1~None~0~0, 
AmbientSounds: OMNI><AM_ENV-SubTerr.ogg><726.712><441.9347><0.3557295><1, OMNI><RWTW_AmbDrips_01.ogg><719.6573><523.8751><0.360802><1, 
FadePalette: 21, 0.6195652, 0.6195652, 0.6195652, 0.6195652, 0.6195652, 0.6195652
MorePalette0: 44, 0.3913043, 0.4121372, 0.4130435, 0.3804348, 0.3586957, 0.3913043
