Grime: 0.173913
Palette: 732
EffectColorA: 14
EffectColorB: 6
Effects: ModifyEffectColorB-0,0.423913,0.423913-20-20, 
PlacedObjects: SeedCob><1628.58><1140.145><0~0~7~10, LightSource><1437.186><1367.926><0.3695652~EffectColor1~6~58~84~-38.39746~0~1~None~0~0, LightSource><1437><1331><0.3913043~EffectColor1~5~64~84~-38.39746~0~1~None~0~0, LightSource><1439><1297><0.3913043~EffectColor1~4~49~84~-38.39746~0~1~None~0~0, LightSource><1436><1262><0.3913043~EffectColor1~4~49~84~-38.39746~0~1~None~0~0, BetterDecal><1442.403><1405.325><-23~-19~-39~24~24~22~46~-14~-443~-256~False~OVERLAY~SCREEN~NORMAL~0~0.326087~0~True~True~True~True~True~True~whitepixel~0.5~0.25~0~1~1~1~0.5~0.25~0~1~1~1~0.5~0.25~0~1~1~1~0.5~0.25~0~1~1~1, BetterDecal><1802><1314><-28~-93~-30~-5~97~-11~102~-95~-501~-347~False~MUL~SCREEN~NORMAL~0.1847826~0.2717391~0~True~True~True~True~True~True~whitepixel~0.3043478~0.07608695~0~0.7173913~0.8586956~0.9456522~0.3043478~0.07608695~0~0.7173913~0.8586956~0.9456522~0.3043478~0.07608695~0~0.7173913~0.8586956~0.9456522~0.3043478~0.07608695~0~0.7173913~0.8586956~0.9456522, BetterDecal><1799><1400><-28~-93~-18~106~59~37~51~-92~-501~-347~False~MUL~SCREEN~NORMAL~0.1847826~0.2717391~0~True~True~True~True~True~True~whitepixel~0.3043478~0.07608695~0~0.7173913~0.8586956~0.9456522~0.3043478~0.07608695~0~0.7173913~0.8586956~0.9456522~0.3043478~0.07608695~0~0.7173913~0.8586956~0.9456522~0.3043478~0.07608695~0~0.7173913~0.8586956~0.9456522, BetterDecal><1663><1402><-23~-34~-20~123~117~118~113~-18~-501~-347~False~MUL~SCREEN~NORMAL~0.1847826~0.2717391~0~True~True~True~True~True~True~whitepixel~0.3043478~0.07608695~0~0.7173913~0.8586956~0.9456522~0.3043478~0.07608695~0~0.7173913~0.8586956~0.9456522~0.3043478~0.07608695~0~0.7173913~0.8586956~0.9456522~0.3043478~0.07608695~0~0.7173913~0.8586956~0.9456522, LightBeam><1528.577><919.6494><-172~658~149~655~546~33~-290~-113~0.2260868~0~0~1~None~0~0, LightSource><1842.878><1090.404><0.2282609~Environment~-356~233~-442~-208.3975~1~1~None~0~0, RectParticleSpawner><1402.433><1164.42><-458~-115~389^415~6^-5~5~10~80~0~80~0~80~40~19.56522~0.1~0~False, ParticleVisualCustomizer><1461.896><1080.613><-484~-46~FFFFFF~000000~FFFFFF~000000~206^-115~Foreground~deerEyeB~False~0~0~30~0~20~0~Basic~0.2771746~0.8967398, ParticleWaviness><1443.306><1108.558><100~50~40~4.436956~0.1339138~0.02~2~-110^188~0~0, 
FadePalette: 333, 0, 0, 0
