Clouds: 0.1701315
EffectColorB: 6
PlacedObjects: LightSource><474.7158><1975.438><1~Environment~-515.8073~-48.69482~50~86.60254~1~0~None~0~0, LightSource><481.8202><1736.713><0.358141~Environment~-252.5677~20.31671~50~86.60254~0~0~None~0~0, BetterDecal><474.5607><1726.837><-131.8177~-47.86562~-132.5292~50.71146~142.4894~49.28857~139.6437~-65.65207~3.557251~118.1021~False~MUL~SCREEN~NORMAL~0~0.3349417~0~True~True~True~True~True~True~blackpixel~1~1~0~1~1~1~1~1~0~1~1~1~1~1~0~1~1~1~1~1~0~1~1~1, LightSource><476.9458><1209.01><0.3736075~Environment~-552.8031~-131.9354~50~86.60254~0~0~None~0~0, LightSource><478.8235><2131.819><0.2421432~Environment~-236.2042~-489.0875~108.3396~-131.8152~1~1~None~0~0, 
AmbientSounds: SPOT><SO_WAT-OpenFlow.ogg><782.4932><395.0107><0.5><1><472.4859><1857.268><-242.3897><-73.77408><0><0.5330611, SPOT><SO_WAT-OpenFlow.ogg><721.7352><472.5878><0.5><1><480.7393><965.0795><-127.8448><-147.7657><0><0.4943954, 
FadePalette: 731, 0, 0, 0
