EffectColorA: 15
EffectColorB: 6
PlacedObjects: LightSource><1026.632><480.3688><0.3194753~EffectColor1~7.114594~48.77502~-306.4406~21.85986~1~1~None~0~0, LightSource><945.4531><481.0416><0.3194753~EffectColor1~7.114594~48.77502~-306.4406~21.85986~1~1~None~0~0, LightSource><211.3438><76.46645><0.2421424~EffectColor1~154.3865~292.0938~50~86.60254~0~0~None~0~0, LightSource><778.2604><103.2573><0.2576095~EffectColor1~154.3865~292.0938~50~86.60254~0~0~None~0~0, 
FadePalette: 728, 0.4717278
