Clouds: 0.0326087
Grime: 0.2608696
RandomItemDensity: 0.3695652
RandomItemSpearChance: 0.1565217
Palette: 34
EffectColorA: 8
EffectColorB: 18
Effects: Darkness-0.3586957-20-20, Desaturation-0.2065217-20-78, Flies-0.1304348-307-74, 
AmbientSounds: OMNI><RWTW_DustStorm_Deep.ogg><749.8181><550.1881><0.2282609><1, OMNI><AM_IND-Warehouse01.ogg><718.4482><413.4733><0.3478261><1