Template: NONE
Clouds: 0.2706637
Grime: 0.1984037
RandomItemDensity: 0.5927987
RandomItemSpearChance: 0.2927989
Palette: 728
EffectColorA: 11
EffectColorB: 18
Effects: LightBurn-0.1005322-20-20, ModifyEffectColorB-0,0.268003,0.4458674-298.2198-69.11111, 
PlacedObjects: CustomDecal><66.80307><-94.1333><10.67184~640.1777~703.0792~649.4222~687.4271~-36.97779~-357.8636~49.06667~0~0.5360054~1~rustb2~0.2757364~1~0.2757364~1~0.2757364~1~0.2757364~1, LightSource><412.8927><254.4609><0.2112088~EffectColor2~-414.0688~-63.55554~50~86.60254~0~0~None~0~0, AdjustableFan><419.9316><240.9883><5~8.660254~0~0.09066971~0.3922663~0.7216034, CustomDecal><178.1111><358.3876><-0.7114563~246.9333~485.3729~248.3556~490.3531~2.133331~-330.1167~-185.6~0~0.1106773~0~container green~0.2061363~0~0.2061363~0~0.2061363~0~0.2061363~0, CustomDecal><668.3792><357.6><-0.7114563~246.9333~485.3729~248.3556~490.3531~2.133331~-330.1167~-185.6~0~0.1261437~0~container red~0.2448027~0~0.2448027~0~0.2448027~0~0.2448027~0, CustomDecal><-70.82605><363.2889><-4.268738~244.0889~256.2833~242.6667~249.1687~-3.555557~314.4645~-232.5334~0~0.1029444~0~container blue~0.1906698~0~0.1906698~0~0.1906698~0~0.1906698~0, CustomDecal><-267.9><352.6223><-4.268738~244.0889~194.3864~249.0667~185.1375~3.051758E-05~314.4645~-232.5334~0~0.1106773~0~container yellow~0.2138698~0~0.2138698~0~0.2138698~0~0.2138698~0, CustomDecal><117.7104><607.9111><-0.7114563~246.9333~485.3729~248.3556~490.3531~2.133331~-310.9073~-396.0889~0~0.1261437~0~container purple~0.2448027~0~0.2448027~0~0.2448027~0~0.2448027~0, CustomDecal><620><608.6223><-0.7114563~246.9333~485.3729~248.3556~490.3531~2.133331~-310.9073~-396.0889~0~0.1261437~0~container yellow~0.2448027~0~0.2448027~0~0.2448027~0~0.2448027~0, CustomDecal><-267.9><602.9333><-4.268738~244.0889~377.9427~243.3778~380.0771~4.977844~256.8364~-455.8223~0~0.1106773~0~container green~0.2138698~0~0.2138698~0~0.2138698~0~0.2138698~0, CustomDecal><-215.2313><328.6291><-22.05522~525.6888~1203.234~507.2~1321.337~-17.06668~559.2063~-188.4444~0~1~0~greybones~0.4072007~1~0.7165302~1~0.1210699~1~0.1520034~1, 
AmbientSounds: OMNI><RWTW_AmbWarehouse.ogg><754.1451><260.2302><0.5><0.7076837, SPOT><SO_IND-MechHum03.ogg><720.8002><356.611><0.3762678><1><419.3814><240.4333><-58.8335><-132.7776><0><0.1541324, SPOT><SO_IND-Turbine.ogg><821.5493><497.7996><0.3840013><1><424.0836><253.6218><-67.37097><-114.9998><0><0.1, 
FadePalette: 730, 0.4639946
