Template: NONE
Clouds: 0.2706637
Grime: 0.1984037
RandomItemDensity: 0.5927987
RandomItemSpearChance: 0.2927989
Palette: 728
EffectColorA: 11
EffectColorB: 18
Effects: LightBurn-0.1005322-20-20, ModifyEffectColorB-0,0.2680027,0.3762685-298.2198-69.11111, 
PlacedObjects: CustomEntranceSymbol><755.4596><133.2162><17.32051~-10~ShortcutDots~0, CustomDecal><445.4174><142.9986><-0.7114868~219.9111~471.1437~217.0667~459.049~-1.422226~-357.8636~49.06667~0.3247963~0.4509397~0~container yellow~0.2525363~0~0.2525363~0~0.2525363~0~0.2525363~0, CustomDecal><440.3188><136.9778><2.134369~240.5334~479.6812~243.3778~486.7959~-2.844452~-357.8636~49.06667~0~0.04881104~0~container yellow~0.08240509~0~0.08240509~0~0.08240509~0~0.08240509~0, CustomDecal><675.8115><378.0445><2.134369~240.5334~479.6812~243.3778~486.7959~-2.844452~-357.8636~49.06667~0~0.04881104~0~container purple~0.08240509~0~0.08240509~0~0.08240509~0~0.08240509~0, CustomDecal><686.4834><381.6><-0.7114868~219.9111~471.1437~217.0667~459.049~-1.422226~-357.8636~49.06667~0.3247963~0.4509397~0~container purple~0.2525363~0~0.2525363~0~0.2525363~0~0.2525363~0, CustomDecal><391.9395><87.91113><4.980164~381.3333~405.6896~388.4445~395.7292~-24.8889~-357.8636~49.06667~0.3325295~1~0~rustb2~0.6391987~1~0.6391987~1~0.6391987~1~0.6391987~1, CustomDecal><729.1708><331.8222><4.980164~381.3333~405.6896~388.4445~395.7292~-24.8889~-357.8636~49.06667~0.3325295~1~0~rustb2~0.6391987~1~0.6391987~1~0.6391987~1~0.6391987~1, CustomDecal><364.1926><382.3111><4.980164~381.3333~390.7489~399.8222~409.9584~-17.06668~-357.8636~49.06667~0~1~0~rustb3~0.3840017~1~0.3840017~1~0.3840017~1~0.3840017~1, CustomDecal><781.8187><44.53333><4.980164~381.3333~390.7489~399.8222~409.9584~-17.06668~-357.8636~49.06667~0~1~0~rustb3~0.3840017~1~0.3840017~1~0.3840017~1~0.3840017~1, LightSource><687.5156><257.3053><0.1493431~Environment~81.81769~183.2~50~86.60254~0~0~None~0~0, LightSource><914.1499><501.7777><0.2189411~Environment~98.8927~197.4222~50~86.60254~0~0~None~0~0, InsectGroup><945.0317><524.5914><-169.3271~57.33334~0~0~Moth~0.2912014, KarmaFlower><930.1397><452.9036><0~0~5~7, 
AmbientSounds: OMNI><RWTW_AmbWarehouse.ogg><754.1451><260.2302><0.5><0.7076837, 
FadePalette: 730, 0.4639946
