Clouds: 0.02319999
TerrainGooHeight: 0.110678
PlacedObjects: ScavengerOutpost><1755.489><228.2679><-23.47821~327.5556~132.3312~273.7777~0.7910302~56~95, FairyParticleSettings><2486.639><341.4891><5~8.660254~0~1~1~0~1~2.383704~70.86945~495.2173~402.1739~630.4348~5~18.26095~105.6522~164.3478~0.04347826~0.06956482~0.1195652~0.1956522~0.3804348~0.5108696~1~0.2826087~7.790894~Leaf~SIN_IO~SIN_IO~0~0~0, FloatingDebris><2250.89><425.4127><50~50~81545631~15~30~0.5283976~1.706385~48~-2044.929|1173.906~-44.57776|-73.02225~2.732889|3.158444~0|0~0|0~Stardust~0.5~0v0.5335937v0v0|0v0.5833954v0v0~0, LanternOnStick><1984.894><282.8297><-45.53333~-116.8889, LanternOnStick><1168.962><233.7134><35.57292~-142.4889, LanternOnStick><1389.932><333.7134><39.13019~-158.1334, LanternOnStick><1712.51><330.8993><9.248901~-126.1333, TerrainHandle><783.3185><152.8671><-74.14996~5.688889~119.6833~-39.82222~6.488892, TerrainHandle><1322.648><144.0198><-247.7457~-95.28889~153.1219~-58.31111~54.13333, TerrainHandle><110.579><189.8769><-47.82604~4.266678~260.5521~-66.13333~56.26665, TerrainSunOffset><344.1628><460.2462><-10.67188~-9.511078, TerrainHandle><2134.594><128.0706><-423.4761~-55.46666~153.1219~-36.97778~20, TerrainHandle><3006.293><138.6805><-478.9698~-142.2222~86.24475~-0.7111053~68.35556, CustomDecal><1376.634><350.0453><2.845886~121.7778~117.5489~117.5111~121.1063~-5.688873~-300.9468~-48.35559~0~1~0~lc_toll2c~0.5~0.185598~0.5~0.185598~0.5~0.185598~0.5~0.185598, CustomDecal><1338.027><91.2><0.7114563~64.8889~777.7823~59.91112~786.3198~-12.08887~-300.9468~-48.35559~0~1~0~lc_scavmarks3~0.592799~0.4098619~0.592799~0.4098619~0.592799~0.4098619~0.592799~0.4098619, CustomDecal><1651.069><118.2222><0.7115479~196.4445~196.5208~186.4889~193.675~-6.399986~-300.9468~-48.35559~0~0.1106776~0~lc_toll2c~0.3840012~0.1623982~0.3840012~0.1623982~0.3840012~0.1623982~0.3840012~0.1623982, CustomDecal><1325.221><104><0.7115479~117.5112~106.1656~112.5334~103.3198~-4.266663~-300.9468~-48.35559~0~0.1106776~0~scavmark stonehead~0.3840012~0.1623982~0.3840012~0.1623982~0.3840012~0.1623982~0.3840012~0.1623982, CustomDecal><2023.161><82.66666><2.13446~103.289~107.5886~104~111.1458~-5.688866~-300.9468~-48.35559~0~0.1106776~0~scavmark stonehead2~0.3840012~0.1623982~0.3840012~0.1623982~0.3840012~0.1623982~0.3840012~0.1623982, LanternOnStick><2808.065><253.0164><46.24481~-157.4222, 
