CeilingDrips: 0
Clouds: 0.1159986
Palette: 725
TerrainGooHeight: 0.1086956
Effects: Flies-0.08695652-292-138, 
PlacedObjects: FairyParticleSettings><3810.749><390.5222><5~41.37137~0~1~1~0~1~2.383704~98.04369~223.4782~717.3913~934.7827~5~18.26095~105.6522~164.3478~0.04347826~0.06956482~0.1195652~0.1956522~0.3804348~0.5108696~1~0.2826087~7.790894~Leaf~SIN_IO~SIN_IO~0~0~0, FloatingDebris><3450.946><289.1523><50~50~1352525699~20~30~0.435598~1.293817~69~-3417.72|1027.635~402.9777|78.66666~2.220889|3.663333~0|0~0|0~Stardust~0.5~0.4753333v0.6969061v0v0|-0.3v0.666908v0v0~0, TerrainHandle><3176.875><154.8424><-306.0854~-9.244446~217.1531~-3.555557~23.77779, TerrainHandle><1274.185><244.0593><-527.3489~-76.0889~208.7063~4.888885~58.17776, TerrainHandle><240.7443><390.8466><-141.0271~6.400024~221.4219~-81.7778~36.35553, TerrainHandle><2678.394><113.0229><-340.9469~54.75555~208.6157~-2.844452~20, TerrainHandle><4342.129><177.6747><-139.6041~6.400009~58.49792~2.844437~54.13335, TerrainHandle><2106.976><214.6203><-300.2584~50.66666~147.4303~-39.11111~80.95557, TerrainHandle><3703.498><90.95964><-410.6698~56.88889~338.101~17.06667~61.95555, TerrainSunOffset><3443.981><298.4491><16~-9, TerrainRubble><3111.019><324.4491><1356~158, KarmaFlower><1707.8><360.2583><0~0~5~7, LanternOnStick><1317.199><431.0208><22~-112, LanternOnStick><2170><331><-34~-122, InsectGroup><1689.5><490.8><-343~47~0~0~RedSwarmer~0.2173913, CustomDecal><1604.874><283.7189><1.422913~197.1555~196.5208~193.6~196.5208~2.133331~-386.3219~-47.64447~0.162398~1~0~scavmark bigsun~0.5~0~0.5~0~0.5~0~0.5~0, CustomDecal><1261.443><286.9333><-3.557297~40.71104~834.6989~39.28888~833.9875~0.7111053~-157.9438~125.1555~0~0.07201104~0~lc_scavmarks3~0.5~0~0.5~0~0.5~0~0.5~0, ExitSymbolHidden><1302.724><296.5356><, 
FadePalette: 42, 0, 0, 0, 0
