Template: NONE
Clouds: 0.2706637
Grime: 0.1984037
RandomItemDensity: 0.3840013
RandomItemSpearChance: 0.2231996
Palette: 728
EffectColorA: 11
EffectColorB: 18
Effects: LightBurn-0.1005322-20-20, ModifyEffectColorB-0,0.2680027,0.3762685-298.2198-69.11111, 
PlacedObjects: CustomDecal><401.1886><342.4889><2.134369~240.5334~479.6812~240.5334~478.9698~-3.555542~-357.8636~49.06667~0~0.0952102~0~container purple~0.3298688~0~0~0~0~0~0.3144024~0, CustomDecal><51.15097><6.133354><4.980164~381.3333~732.9604~368.5334~735.0948~-28.44446~-227.6667~229.6889~0~1~0~rustb2~0.4613343~1~0.4613343~1~0.4613343~1~0.4613343~1, CustomDecal><56.1312><350.3111><4.980164~381.3333~405.6896~388.4445~395.7292~-24.8889~-357.8636~49.06667~0~1~0~rustb2~0.5232002~1~0.5232002~1~0.5232002~1~0.5232002~1, CustomDecal><359.2124><348.8889><4.980164~381.3333~390.7489~399.8222~409.9584~-17.06668~-357.8636~49.06667~0~1~0~rustb3~0.6005325~1~0.6005325~1~0.6005325~1~0.6005325~1, CustomDecal><221.1895><400.0889><4.980164~381.3333~390.7489~399.8222~409.9584~-17.06668~-357.8636~49.06667~0~1~0~rustb3~0.3840017~1~0.3840017~1~0.3840017~1~0.3840017~1, LightSource><428.9354><211.6444><0.2189411~Environment~323.7136~301.9556~50~86.60254~0~0~None~0~0, CustomDecal><-78.41458><345.0667><2.134369~240.5334~479.6812~240.5334~478.9698~-3.555542~208.4572~-334.9333~0~0.0952102~0~container green~0~0~0.206137~0~0.206137~0~0~0, CustomDecal><56.05099><588.2666><2.134369~240.5334~234.9396~239.1112~224.2677~-2.133362~208.4572~-334.9333~0~0.2576082~0~container red~0~0~0.252537~0~0.2370705~0~0~0, CustomDecal><282.2948><585.4222><2.134369~240.5334~479.6812~240.5334~478.9698~-3.555542~208.4572~-334.9333~0~0.0952102~0~container blue~0.3530685~0~0~0~0~0~0.3530685~0, LightSource><398.5251><96.41582><0.4354739~EffectColor1~7.114624~48.8~50~86.60254~0~1~None~0~0, LightSource><460.1594><98.31111><0.4664061~EffectColor1~8.537537~55.91112~50~86.60254~0~1~None~0~0, CustomDecal><-203.7944><424.1736><3.557281~468.8~1270.111~490.1334~1270.823~-0.7110901~647.4271~-136.5333~0~0.1184102~0~greybones~0.3221356~1~0.5463993~1~0.1674699~1~0.1984034~1, CustomDecal><391.6279><415.9531><4.980225~129.5999~328.8521~144.5334~335.2552~-7.822235~-313.0417~-197.6889~0~1~0~greenwhite(var)~0~0~0.3608007~1~0.6082651~1~0.5386658~1, 
AmbientSounds: OMNI><RWTW_AmbWarehouse.ogg><754.1451><260.2302><0.5><0.7076837, SPOT><AM_IND-50hz.ogg><714.0854><336.9421><0.4458671><0.9164812><425.7104><81.65326><-157.7262><43.578><0><0.1, 
FadePalette: 730, 0.4639946
