TerrainWaves: 0.6956522
TerrainGooHeight: 0.08695652
TerrainDepth: 1.521733
TerrainSkyFade: 1
Effects: FairyParticles-0.4565217-20-20, 
PlacedObjects: TerrainHandle><4140.081><162.8936><-147~-11~40~0~45, TerrainHandle><3519.99><85.05023><-40~0~261~8~39, TerrainHandle><3278.823><79.72825><-419~67~40~0~57, TerrainHandle><2102.655><301.8761><-62~26~339~-106~52, TerrainHandle><1799.894><350.4195><-150~-9~138~-1~34, TerrainHandle><1151.547><199.0555><-40~0~375~40~56, TerrainHandle><454.5772><400.1493><-57~29~368~-49~43, TerrainHandle><224.6243><476.4067><-79~-25~40~0~38, FairyParticleSettings><3474.693><270.4418><5~8.660254~0~1~1~0~1~2.383704~70.86945~495.2173~402.1739~630.4348~5~18.26095~105.6522~164.3478~0.04347826~0.06956482~0.1195652~0.1956522~0.3804348~0.5108696~1~0.2826087~7.790894~Leaf~SIN_IO~SIN_IO~0~0~0, BlackSpot><4013.847><-29.8783><26~151~200~166~171~-5, BlackSpot><47.01718><-39.30072><109~461~240~480~295~0, FloatingDebris><491.9141><328.8643><50~50~1803237669~6~30~1.326088~2.22826~41~-119|3928~200|-12~1.89|1.89~0|0~0|0~Stardust~0.5~0v0.61v0v0|0v0.5v0v0~0, 
