Clouds: 0.1956522
TerrainStainAmount: 0.8478261
TerrainStainBrightness: 0.4021739
TerrainStainHeight: 0.3913043
TerrainWaves: 0.5652174
TerrainGooHeight: 0.1304348
TerrainDepth: 0.05434096
TerrainSkyFade: 1
Effects: FairyParticles-0.3913043-20-20, 
PlacedObjects: TerrainHandle><4378.912><66.02592><-102~23~119~-4~58, TerrainHandle><4832.875><59.35603><-40~0~0~-73~20, TerrainHandle><4031.955><172.4397><-63~51~74~-9~20, TerrainHandle><3782.558><328.0689><-111~46~126~-59~62, TerrainHandle><3557.812><454.6903><-31~23~78~-33~49, TerrainHandle><3302.638><551.4254><-40~0~157~-34~43, TerrainHandle><3034.932><566.0839><-40~0~40~0~20, TerrainHandle><2788.821><526.4373><-40~0~40~0~20, TerrainHandle><2246.7><451.7398><-63~2~533~-45~20, TerrainHandle><1742.307><583.0583><-40~0~175~-79~20, TerrainHandle><1208.669><905.893><-74~27~40~0~20, TerrainHandle><896.8129><999.4293><-40~0~141~-15~38, TerrainHandle><219.9494><917.2656><-119~23~51~32~62, TerrainHandle><611.3561><992.5804><-40~0~40~0~47, BlackSpot><2145.85><308.8267><131~190~767~259~971~27, BlackSpot><1084.194><497.5483><78~375~559~91~673~-13, BlackSpot><4628.136><-20.41452><0~40~323~106~394~0, BlackSpot><-170.0562><834.558><-5~178~385~102~508~-41, CustomDecal><3412.611><456.8336><256~427~744~246~456~-216~-277~18~0.6630435~1~0~rustb2~0.4021739~1~0.4021739~1~0~1~0.4021739~1, CustomDecal><3166><488><112~459~538~333~322~-116~559~-183~0.326087~0.6956522~0~rustb2~0.5652174~1~0.5652174~1~0.5652174~1~0.5652174~1, CustomDecal><2225><643><51~482~545~368~373~-75~559~-183~0.6413044~1~0~rustb2~0.3478261~1~0.3478261~1~0.3478261~1~0.3478261~1, CustomDecal><1741><547><-86~652~353~589~370~-34~-103~-192~0.326087~0.6956522~0~rustb2~0.5652174~1~0.5652174~1~0.5652174~1~0.5652174~1, CustomDecal><495><941><178~628~607~537~474~-65~-616~-133~0.326087~0.6956522~0~rustb2~0.4782609~1~0.4782609~1~0.4782609~1~0.4782609~1, FloatingDebris><150.3379><1120.383><3886~-1078~1254187137~7~30~1.586955~2.097827~64~-307|1326|2156|3085|4081|4970~105|-56|-388|-350|-700|-769~1.74|1.72|1.99|1.84|1.41|1.37~0|0|0|0|0|0~0|0|0|0|0|0~Stardust~0.5~0v0.44v0v0|0v0.57v0v0|0v0.65v0v0|0v0.64v0v0|0v0.49v0v0|0v0.51v0v0~0, TerrainSunOffset><4275.662><262.3685><14~-14, FairyParticleSettings><258.2025><1006.056><5~8.660254~0~1~1~0~1~2.383704~70.86945~495.2173~402.1739~630.4348~5~18.26095~105.6522~164.3478~0.04347826~0.06956482~0.1195652~0.1956522~0.3804348~0.5108696~1~0.2826087~7.790894~Leaf~SIN_IO~SIN_IO~0~0~0, 
