Template: NONE
DangerType: Flood
CeilingDrips: 0.1597373
Clouds: 0.01546644
Grime: 0.1133376
RandomItemDensity: 0.3994678
RandomItemSpearChance: 0.4474637
Palette: 726
EffectColorA: 8
EffectColorB: 18
Effects: SkyAndLightBloom-0.04639949-20-20, Hue-0-18.61667-68.39999, 
PlacedObjects: SeedCob><945.4894><258.5031><4.268677~61.15555~7~10, CustomDecal><1006.754><105.1852><-7.825928~98.31108~144.5842~120.3556~152.4105~30.57777~-275.3344~-11.37781~0.6263925~1~0~tag junk3~0.4226678~0.7346576~0.4226678~0.7346576~0.4226678~0.7346576~0.4226678~0.7346576, LanternOnStick><565.8326><295.6308><25.61252~-131.1111, LanternOnStick><209.9047><295.7293><-41.97604~-121.8667, LanternOnStick><1122.684><168.5561><10.67188~-119.7333, CustomDecal><360.6295><188.4513><0.7114258~228.4444~28.61639~252.6223~26.48254~34.13332~-320.1563~-126.5778~0.1855978~1~0~scav wedges3(vert)~0.4818731~0~0.4818731~0~0.4818731~0~0.4818731~0, CustomDecal><136.7807><139.4001><-1.422928~53.51112~589.2458~44.9778~588.5344~-2.844452~-21.34377~138.6667~0~0.5645269~0~scav wedges2~0.5282722~0.4717281~0.5282722~0.4717281~0.5282722~0.4717281~0.5282722~0.4717281, CustomDecal><373.8878><215.0067><2.845825~89.77777~-137.8646~81.95551~-137.8645~-5.688919~281.026~-82.48892~0.2551973~1~0~scavmark arrow~0.5128061~0.2783973~0.5128061~0.2783973~0.5128061~0.2783973~0.5128061~0.2783973, CustomDecal><1217.231><349.3333><3.557251~75.55551~28.61646~67.02231~23.63672~-4.977814~-320.1563~-126.5778~0.1855978~1~0~scavmark~0.8221356~0.6341261~0.8221356~0.6341261~0.8221356~0.6341261~0.8221356~0.6341261, LightBeam><628.2725><387.5753><86.08646~387.7333~223.5562~392~197.9438~-81.77774~-128.0625~-191.2889~0.09840194~0.4021281~0~1~None~0~0, LightSource><742.6885><164.4444><0.06427736~White~-125.2167~58.04434~50~86.60254~0~1~None~0~0, DeadSeedCob><880.1711><215.1194><, ReliableSpear><267.6911><186.986><, ReliableSpear><440.8427><188.2756><, CustomDecal><951.0613><103.9215><-6.403137~162.3111~179.4459~150.2222~180.1572~-8.533318~-276.0458~-29.15555~0.4330617~1~0~scavmark stonehead2~0.5773322~0.1855976~0.5773322~0.1855976~0.5773322~0.1855976~0.5773322~0.1855976, CustomDecal><373.4417><225.6><3.557251~269.6889~109.723~275.3777~106.877~1.525879E-05~-276.0458~-29.15555~0.6263925~1~0~lc_entrymarksd~0.7551966~0.1855976~0.7551966~0.1855976~0.7551966~0.1855976~0.7551966~0.1855976, CustomDecal><587.5907><223.4667><9.248901~264.7111~106.8771~264.7111~110.4343~1.525879E-05~-276.0458~-29.15555~0.6263925~1~0~lc_entrymarksf~0.7551966~0.1855976~0.7551966~0.1855976~0.7551966~0.1855976~0.7551966~0.1855976, CustomDecal><902.0552><205.6889><9.248901~264.7111~106.8771~264.7111~110.4343~1.525879E-05~-276.0458~-29.15555~0.6263925~1~0~lc_entrymarksd~0.7551966~0.1855976~0.7551966~0.1855976~0.7551966~0.1855976~0.7551966~0.1855976, 
AmbientSounds: OMNI><RWTW_DustStorm_Deep.ogg><770.8582><551.6682><0.2282609><1, SPOT><RWTW_DustStorm_Gusting.ogg><796.12><407.2467><0.1906698><1><85.93042><228.2799><-35.35534><-35.35534><0><0.1, SPOT><RWTW_DustStorm_Gusting.ogg><1039.849><370.1413><0.1984041><1><1245.306><103.4746><-35.35534><-35.35534><0><0.1, 
FadePalette: 30, 0.1956522
