Template: NONE
Clouds: 0.3325292
Grime: 0.1984034
Palette: 725
EffectColorB: 18
Effects: Hue-0.0386661-20-20, SkyBloom-1-13.63647-92.57778, 
PlacedObjects: FloatingDebris><1328.786><324.8766><50~50~75575283~30~30~1.038791~1.775984~31~-1006.911|1035.883~110.4445|15.15558~2.676|2.987777~0|0~0|0~Stardust~0.5~-0.1351773v0.2845834v0v0|-0.4339905v0.562052v0v0~0, OEsphere><569.0958><596.5182><6.403137~75.8222~94.82184~-73.39746~30~0, OEsphere><1767.739><582.6918><-0.7114258~79.37775~50.71149~-89.75299~30~1, 
AmbientSounds: OMNI><RWTW_DustStorm_Gusting.ogg><693.76><533.5018><0.2138705><1, 
FadePalette: 54, 0.2706636, 0.3943954
MorePalette0: 42, 0.1469315, 0.1546644
