TerrainLight: 0
TerrainStainAmount: 0.9891304
TerrainStainBrightness: 0.5652174
TerrainStainHeight: 0.4673913
TerrainWaves: 0.6304348
TerrainEdgeRadius: 81.73908
TerrainGooHeight: 0.1195652
TerrainGrain: 0.7173913
TerrainDepth: -10
TerrainSkyFade: 1
PlacedObjects: TerrainHandle><129.0511><893.9795><-53~5~131~-29~66, TerrainHandle><379.0084><799.8002><-102~47~43~-9~92, TerrainHandle><561.5884><755.8678><-119~36~56~-7~87, TerrainHandle><767.6903><734.1886><-40~0~55~-3~71, TerrainHandle><982.8964><736.079><-55~-8~163~55~70, TerrainHandle><1440.211><834.9515><-238~-15~74~2~84, TerrainHandle><1796.522><841.1989><-63~12~131~-22~70, TerrainHandle><2126.207><643.9453><-62~49~63~-10~70, TerrainHandle><2440.654><494.3245><-153~30~72~-4~96, TerrainHandle><2711.344><431.6251><-169~15~125~-10~59, TerrainHandle><2910.323><389.158><-105~12~87~-2~61, TerrainHandle><3135.192><345.8085><-95~-5~111~1~100, TerrainHandle><3557.649><399.8666><-278~3~40~0~91, TerrainHandle><3846.641><366.3585><-100~20~40~-15~87, TerrainHandle><4113.8><310.001><-73~17~157~-50~60, TerrainHandle><4420.472><219.3019><-203~50~40~0~63, TerrainHandle><4771.18><184.9183><-220~15~189~15~76, TerrainHandle><5267.669><262.4441><-233~-4~67~-7~70, TerrainHandle><5606.052><182.443><-208~40~56~-7~109, TerrainHandle><5635.941><75.80988><-22~0~40~0~20, BlackSpot><5481.946><70.03787><-7~89~203~127~234~0, TerrainSunOffset><4311.753><358.3><72~-9, TerrainRubble><1523.553><913.9635><1055~137, TerrainRubble><370><897><1055~137, TerrainRubble><2527><574><1055~137, TerrainRubble><3592><494><1055~137, TerrainRubble><4641><232><1055~137, TerrainRubble><5486><270><1055~137, CustomDecal><4511.625><296.9061><229~719~963~518~525~-131~-312~-17~0.6413044~1~0~rustb3~0.2717391~1~0.2717391~1~0.2717391~1~0.2717391~1, CustomDecal><4152><241><42~568~541~558~488~-37~569~-95~0.2826087~0.6521739~0~rustb3~0.5869565~1~0.5869565~1~0.5869565~1~0.5869565~1, CustomDecal><3539><332><42~568~541~558~547~-42~-358~-11~0.5217391~1~0~rustb3~0.3043478~1~0.3043478~1~0.3043478~1~0.3043478~1, CustomDecal><2902><317><-19~651~419~648~349~-16~569~-95~0.3043478~0.7173913~0~rustb3~0.5760869~1~0.5760869~1~0.5760869~1~0.5760869~1, CustomDecal><2123><448><-215~617~85~670~434~118~569~-95~0.3043478~0.7173913~0~rustb3~0.4673913~1~0.4673913~1~0.4673913~1~0.4673913~1, CustomDecal><2444><343><-231~318~-36~512~471~226~324~185~0.3043478~0.7173913~0~rustb3~0.4673913~1~0.4673913~1~0.4673913~1~0.4673913~1, CustomDecal><1085><736><95~641~511~558~395~-56~569~-95~0.6195652~1~0~rustb3~0.2717391~1~0.2717391~1~0.2717391~1~0.2717391~1, CustomDecal><1367><884><400~539~850~377~330~-156~-312~-17~0.4891304~0.8260869~0~rustb3~0.4021739~1~0.4021739~1~0.4021739~1~0.4021739~1, CustomDecal><861><693><-24~580~446~696~357~-18~446~-55~0.4456522~0.8152174~0~rustb3~0.4456522~1~0.4456522~1~0.4456522~1~0.4456522~1, CustomDecal><393><654><-172~676~288~724~392~-3~-430~97~0.4456522~0.8152174~0~rustb3~0.4782609~1~0.4782609~1~0.4782609~1~0.4782609~1, FloatingDebris><152.7914><863.5543><4224~-665~634825560~30~30~0.8695638~1.902171~52~-328|1334|1995|2941|4032|6094~294|195|43|-338|-371|-452~2.08|1.86|1.7|1.8|1.52|1.52~0|0|0|0|0|0~0|0|0|0|0|0~Stardust~1~0v0.53v0v0|0v0.69v0v0|0v0.5v0v0|0.24v0.56v0v0|0v0.56v0v0|0v0.45v0v0~0, 
