Clouds: 0.2391304
Grime: 0.05434782
TerrainLight: 0
TerrainGooHeight: 0.1304348
TerrainDepth: 0.2173844
PlacedObjects: TerrainHandle><1126.105><337.9205><-248~-82~60~-14~20, TerrainHandle><390.4778><259.9488><-97~-8~100~-48~20, TerrainHandle><737.0547><177.2932><-193~-6~156~-14~20, CustomDecal><285.4343><1646.672><-13~430~623~372~600~-30~-270~60~0~0.3152174~0~rustb2~0.5869565~1~0.5869565~1~0.5869565~1~0.5869565~1, CustomDecal><409><1418><15~301~392~224~384~-14~-270~60~0~0.3043478~0~rustb2~0.6413044~1~0.6413044~1~0.6413044~1~0.6413044~1, CustomDecal><400><1185><-2~329~356~325~356~-16~-270~60~0~0.3152174~0~rustb2~0.5869565~1~0.5869565~1~0.5869565~1~0.5869565~1, CustomDecal><244><940.0002><15~301~399~-43~323~-195~-270~60~0~0.2282609~0~rustb2~0.6413044~1~0.6413044~1~0.6413044~1~0.6413044~1, CustomDecal><603><979.0002><-7~510~372~397~356~-16~-270~60~0.3695652~0.6739131~0~rustb2~0.5869565~1~0.5869565~1~0.5869565~1~0.5869565~1, CustomDecal><941><809.0002><-8~681~451~664~452~-12~-270~60~0~0.3369565~0~rustb2~0.5652174~1~0.5652174~1~0.5652174~1~0.5652174~1, BlackSpot><247.6071><50.38986><33~243~152~204~142~1, BlackSpot><1039><-2><85~297~175~328~180~1, BetterDecal><697.8091><308.9402><-485~-337~-552~412~644~401~564~-335~397.9999~34~False~REFLECT~SCREEN~NORMAL~0.3043478~0.3586957~1~True~True~True~True~True~True~hugeorange~0.07608695~0.0326087~1~1~1~1~0.07608695~0.0326087~1~1~1~1~0.07608695~0.0326087~1~1~1~1~0.07608695~0.0326087~1~1~1~1, FloatingDebris><305.0517><1778.974><-6~130~336229011~13~30~1.586957~2.032608~62~-269|1063~278|-468~2.7|5.27~0|0~0|0~Stardust~0.5~0v0.68v0v0|0v0.65v0v0~0, 
