Clouds: 0.326087
PlacedObjects: FloatingDebris><277.0848><270.3628><50~50~149115273~0~30~0.5760864~1.48913~35~-227|1092~227|-49~3.2|2.58~0|0~0|0~Stardust~0.5~0.04v0.5899994v0v0|-0.32v0.83v0v0~0, FairyParticleSettings><475.0624><334.8194><221~40.66025~0~1~1~0~1~3.810096~49.12932~147.3906~510.8696~934.7827~5~18.26095~105.6522~164.3478~0.04347826~0.06956482~0.1195652~0.1956522~0.3804348~0.5108696~1~0.2826087~7.790894~Leaf~SIN_IO~SIN_IO~0~0~0, 
FadePalette: 3, 0.25
