Clouds: 0.3152174
TerrainLight: 0
TerrainWaves: 0.4782609
TerrainGooHeight: 0.05434782
TerrainGrain: 0.6086956
PlacedObjects: TerrainHandle><1937.437><258.7283><-37~-9~383~-110~36, TerrainHandle><3174.3><230.7443><-271~-65~40~0~20, TerrainSunOffset><2366.45><302.0115><31~-29, TerrainHandle><1447.413><532.6799><-116~-39~94~11~72, TerrainHandle><887.8749><550.9366><-30~-4~281~-72~53, BlackSpot><-30.87956><305.5903><-1~178~905~264~999~185, FloatingDebris><2252.898><360.3848><50~50~1394988651~11~30~0.967392~2.097826~81~-1741|-560|1040~934|278|28~1.52|3.31|3.62~0.2|0.45|-0.32~0|0|-0.11~Stardust~0.5~0v0.62v0v0|0v0.84v0v0|-0.32v0.72v0v0~0, TerrainHandle><1500.949><129.6935><-40~0~40~0~20, TerrainHandle><1902.312><118.5687><-40~0~40~0~20, BlackSpot><1397.569><103.3121><1~436~143~488~187~0, BlackSpot><1560.822><109.1868><6~171~388~163~398~0, LanternOnStick><1751.348><751.0754><-20~-136, LanternOnStick><578.4491><952.9814><-26~-139, 
