Template: lnr_settingstemplate_wall-outside
Clouds: 0.1956522
Grime: 0.173913
RandomItemDensity: 0.6933312
RandomItemSpearChance: 0.4397304
Palette: 729
PlacedObjects: SuperStructureFuses><309.4272><1932.061><82.41876~73.42221, SuperStructureFuses><311.9151><1090.014><61.97604~86.6889, SuperStructureFuses><350.038><422.3251><85.474~76.73334, LightSource><262.4264><1860.28><0.3426746~EffectColor1~0~130~50~86.60254~0~0~None~0~0, LightSource><531.6156><1226.356><0.3426746~EffectColor1~15~101~50~86.60254~0~0~None~0~0, CustomDecal><671.3344><-17.21972><-1.422913~106.1333~220.7104~133.1555~209.3271~0~221.2635~27.73335~0~0.1880095~0~rustb1~0.6855973~1~0.6855973~1~0.6855973~1~0.6855973~1, CustomDecal><122.4221><1871.219><24.18959~297.4222~329.5636~273.9555~67.03542~-3.555542~399.1282~6.399994~0~0.2344095~0~rustb1~0.4226671~0.3866617~0.4226671~0.3866617~0.4226671~0.3866617~0.4226671~0.3866617, CustomDecal><134.8104><1174.312><24.18959~297.4222~329.5636~273.9555~55.65208~73.95557~399.1282~6.399994~0~0.2344095~0~rustb2~0.4226671~0.3866617~0.4226671~0.3866617~0.4226671~0.3866617~0.4226671~0.3866617, CustomDecal><135.5219><489.5111><24.18959~297.4222~329.5636~273.9555~55.65208~73.95557~399.1282~6.399994~0~0.2344095~0~rustb2~0.4226671~0.3866617~0.4226671~0.3866617~0.4226671~0.3866617~0.4226671~0.3866617, CustomDecal><609.3531><530.7556><-219.1292~220.6221~-8.379028~323.7333~124.6635~-103.8222~141.5803~-347.7333~0~0.2344095~0~rustb1~0.6442703~0.3866617~0.6442703~0.3866617~0.6442703~0.3866617~0.6442703~0.3866617, CustomDecal><588.0094><1213.422><-219.1292~220.6221~-8.379028~323.7333~124.6635~-103.8222~141.5803~-347.7333~0~0.2344095~0~rustb2~0.6442703~0.3866617~0.6442703~0.3866617~0.6442703~0.3866617~0.6442703~0.3866617, CustomDecal><596.5469><1893.245><-219.1292~220.6221~-73.83325~292.4444~170.9083~7.822235~141.5803~-347.7333~0~0.2344095~0~rustb3~0.6442703~0.3866617~0.6442703~0.3866617~0.6442703~0.3866617~0.6442703~0.3866617, LightSource><495><416><0.3426746~EffectColor1~64~111~50~86.60254~0~0~None~0~0, DataPearl><158.58><1936.395><0~0~0~0~Misc~0, LightSource><335.9254><1132.096><1~EffectColor2~-16~149~50~86.60254~0~0~None~0~0, LightSource><343><1964><1~EffectColor2~-12~150~50~86.60254~0~0~None~0~0, LightSource><384><461><1~EffectColor2~-16~149~50~86.60254~0~0~None~0~0, CustomDecal><199.441><234.4408><-8~562~434~561~424~-5~351~-148~0~1~0~rustb1~0.8043478~0.326087~0.8043478~0.326087~0.8043478~0.326087~0.8043478~0.326087, CustomDecal><208><909><-8~562~434~561~424~-5~351~-148~0~1~0~rustb1~0.8369565~0.326087~0.8369565~0.326087~0.8369565~0.326087~0.8369565~0.326087, CustomDecal><200><1606><-8~562~434~561~424~-5~436~33~0~1~0~rustb2~0.2826087~0.6086956~0.2826087~0.6086956~0.2826087~0.6086956~0.2826087~0.6086956, Mushroom><308.8239><1758.406><0~0~2~3, Mushroom><334.0832><1758.64><0~0~2~3, DeathFallFocus><207.6407><108.9453><, InsectGroup><889.0879><543.5363><126.6396~245.7778~0~0~RedSwarmer~0.2602698, InsectGroup><706.3677><2130.079><77.54895~198.8444~0~0~RedSwarmer~0.2448027, 
AmbientSounds: OMNI><RWTW_AR_CityWithNoBuildings.ogg><756.3597><313.4162><0.2602692><1, SPOT><SO_SFX-Data4.ogg><628.8271><599.6426><0.5><1><352.3572><1972.176><-48.16159><-57.39978><0><0.1, SPOT><SO_SFX-Data2.ogg><858.3593><178.0339><0.5927987><1><383.1447><458.4785><-51.00742><-55.26645><0><0.1, SPOT><SO_SFX-Data5.ogg><820.1622><61.17192><0.6159986><1><341.0977><1132.905><-44.60431><-62.37756><0><0.1, 
FadePalette: 42, 0, 0, 0
