Template: NONE
Clouds: 0.2706637
Grime: 0.1984037
RandomItemDensity: 0.5927987
RandomItemSpearChance: 0.2927989
Palette: 728
EffectColorA: 11
EffectColorB: 18
Effects: LightBurn-0.1005322-20-20, ModifyEffectColorB-0,0.2680027,0.3762685-298.2198-69.11111, 
PlacedObjects: CustomDecal><124.5497><371.9763><-0.7114868~219.9111~471.1437~217.0667~459.049~-1.422226~-331.5396~-214.0444~0.3247963~0.4509397~0~container green~0.2525363~0~0.2525363~0~0.2525363~0~0.2525363~0, CustomDecal><116.6052><360.9778><2.134369~240.5334~479.6812~243.3778~486.7959~-2.844452~-283.8719~-96.71109~0~0.04881104~0~container green~0.08240509~0~0.08240509~0~0.08240509~0~0.08240509~0, CustomDecal><337.8688><116.3556><2.134369~240.5334~501.025~241.9556~501.025~-4.977783~-357.8636~49.06667~0~0.04881104~0~container red~0.1597376~0~0.1597376~0~0.1597376~0~0.1597376~0, CustomDecal><389.0938><129.1556><-0.7114868~219.9111~471.1437~217.0667~459.049~-1.422226~-357.8636~49.06667~0.3247963~0.4509397~0~container red~0.407201~0~0.407201~0~0.407201~0~0.407201~0, CustomDecal><391.9395><87.91113><4.980164~381.3333~405.6896~388.4445~395.7292~-24.8889~-357.8636~49.06667~0.3325295~1~0~rustb2~0.6391987~1~0.6391987~1~0.6391987~1~0.6391987~1, CustomDecal><729.1708><331.8222><4.980164~381.3333~405.6896~388.4445~395.7292~-24.8889~-357.8636~49.06667~0.3325295~1~0~rustb2~0.6391987~1~0.6391987~1~0.6391987~1~0.6391987~1, CustomDecal><364.1926><382.3111><4.980164~381.3333~390.7489~399.8222~409.9584~-17.06668~-357.8636~49.06667~0~1~0~rustb3~0.3840017~1~0.3840017~1~0.3840017~1~0.3840017~1, CustomDecal><781.8187><44.53333><4.980164~381.3333~390.7489~399.8222~409.9584~-17.06668~-357.8636~49.06667~0~1~0~rustb3~0.3840017~1~0.3840017~1~0.3840017~1~0.3840017~1, LightSource><339.6125><477.0386><0.2189424~Environment~-249.0104~19.64447~50~86.60254~0~0~None~0~0, LightSource><592.5707><239.3777><0.1725416~White~118.1021~216.6222~50~86.60254~0~0~None~0~0, CustomDecal><591.7792><356.4445><8.537537~251.9112~479.6812~243.3778~486.7959~-2.844452~-283.8719~-96.71109~0~0.1493431~0~container blue~0.1520041~0~0.1520041~0~0.1520041~0~0.1520041~0, CustomDecal><368.3812><604.6222><8.537537~251.9112~479.6812~243.3778~486.7959~-2.844452~-341.5~-236.0889~0~0.1106773~0~container yellow~0.1520041~0~0.1520041~0~0.1520041~0~0.1520041~0, CustomDecal><-128.9281><116.0889><8.537537~251.9112~479.6812~243.3778~486.7959~-2.844452~206.3229~263.1111~0~0.1957428~0~container purple~0.1829374~0~0.1829374~0~0.1829374~0~0.1829374~0, CustomDecal><22.6125><119.6444><-6.403076~-202.4888~485.3729~-206.7555~486.7959~-2.844452~170.75~128~0~0.1957428~0~container yellow~0.1752041~0~0.1752041~0~0.1752041~0~0.1752041~0, CustomDecal><500.7125><116.8><-6.403076~-202.4888~485.3729~-206.7555~486.7959~-2.844452~170.75~128~0~0.1957428~0~container blue~0.1752041~0~0.1752041~0~0.1752041~0~0.1752041~0, ColouredLightSource><460.5815><362.6469><100~50~FF0000~161.5011^0.2889099~0.5282726~False~0.5~0~0.5~Always~0~100, CustomDecal><180.1336><281.2663><4.268738~355.7333~581.4198~328.711~550.8271~-1.422241~106.7188~-374.0444~0.2629302~1~0~rustb3~0.6778651~1~0.6778651~1~0.6778651~1~0.6778651~1, InsectGroup><454.093><320.9042><-273.9115~166.1333~0~0~Moth~0.2602692, CustomDecal><526.3201><434.837><-16.36353~226.3112~499.6021~209.2445~457.6261~-4.977783~-414.0688~-71.82217~0~0.0952102~0~greybones~0.5~1~0.2989356~1~0~1~0.1133383~1, CustomDecal><401.1083><205.6889><5.691711~193.6001~-538.4155~174.4001~-551.2218~3.555542~186.402~9.244522~0~0.0952102~0~greybones~0.6546649~1~0.05920481~1~0~1~0.1674713~1, DangleFruit><504.495><465.7541><0~0~2~3, DangleFruit><445.4534><492.9598><0~0~2~3, DangleFruit><708.6731><236.0761><0~0~2~3, 
AmbientSounds: OMNI><RWTW_AmbWarehouse.ogg><754.1451><260.2302><0.5><0.7076837, 
FadePalette: 730, 0.396807
