Clouds: 0.326087
TerrainLight: 0
TerrainWaves: 0.6304348
TerrainEdgeRadius: 101.3043
TerrainGooHeight: 0.1956522
TerrainDepth: 0.8695582
Effects: FairyParticles-0.5-20-20, 
PlacedObjects: TerrainHandle><1878.343><183.823><-149~-3~0~-194~20, TerrainHandle><322.839><172.3686><0~-174~199~-40~20, TerrainHandle><1118.943><65.94174><-371~1~310~11~20, BlackSpot><341.0748><-35.84637><-6~194~66~175~159~0, TerrainSunOffset><1240.066><252.1714><10~-19, FairyParticleSettings><382.1972><268.7168><5~8.660254~0~1~1~0~1~2.383704~70.86945~495.2173~402.1739~630.4348~5~18.26095~105.6522~164.3478~0.04347826~0.06956482~0.1195652~0.1956522~0.3804348~0.5108696~1~0.2826087~7.790894~Leaf~SIN_IO~SIN_IO~0~0~0, FloatingDebris><206.3102><216.937><50~50~156068043~17~30~0.9021746~1.869565~36~-125|1991~319|252~1.74|1.67~0|0~0|0~Stardust~0.5~0v0.55v0v0|0v0.49v0v0~0, 
