Clouds: 0.3152174
TerrainGooHeight: 0.09782609
TerrainDepth: -0.1087025
TerrainSkyFade: 1
Effects: FairyParticles-0.4021739-20-20, 
PlacedObjects: FloatingDebris><218.0928><375.1916><50~50~14764942~22~30~1.228261~2.065218~60~-121|3069~127|106~1.59|1.56~0|0~0|0~Stardust~0.5~0v0.59v0v0|0v0.65v0v0~0, FairyParticleSettings><1384.58><272.767><5~8.660254~0~1~1~0~1~2.383704~70.86945~495.2173~402.1739~630.4348~5~18.26095~105.6522~164.3478~0.04347826~0.06956482~0.1195652~0.1956522~0.3804348~0.5108696~1~0.2826087~7.790894~Leaf~SIN_IO~SIN_IO~0~0~0, TerrainHandle><1387.383><184.6975><-282~44~40~0~20, TerrainHandle><765.1686><259.5586><0~-282~171~-17~20, TerrainHandle><1939.142><134.4081><-40~0~40~0~20, TerrainHandle><2516.757><236.0672><-158~-54~56~16~20, TerrainHandle><2763.506><268.0485><-139~-9~53~-2~20, TerrainHandle><3053.301><257.776><-40~0~40~0~20, BlackSpot><2967.903><179.8781><41~108~376~115~378~0, BlackSpot><701><-41.97242><28~305~115~299~131~-6, TerrainSunOffset><2359.8><253.0048><1~-39, CustomDecal><2264.359><123.4294><-76~669~492~739~580~8~196~-158.0048~0.4021739~1~0~rustb3~0.5~1~0.5~1~0.5~1~0.5~1, CustomDecal><1513><47.04929><3~773~566~765~580~8~196~-158.0048~0.4021739~1~0~rustb3~0.5~1~0.5~1~0.5~1~0.5~1, 
