Template: lnr_settingstemplate_wall-inside
Clouds: 0.2282609
BkgDroneVolume: 0
BkgDroneNoThreatVolume: 0
Palette: 728
EffectColorA: 8
PlacedObjects: DeathFallFocus><198.8465><71.37817><, CustomDecal><387.5829><19.10999><3~302~169~297~170~-6~-314~-12~0.1521739~1~0~emoji1~0.5108696~0.1195652~0.5108696~0.1195652~0.5108696~0.1195652~0.5108696~0.1195652, CustomDecal><383><1076><3~302~169~297~170~-6~-314~-12~0.1521739~1~0~emoji2~0.5108696~0.1195652~0.5108696~0.1195652~0.5108696~0.1195652~0.5108696~0.1195652, CustomDecal><382><2134><3~302~169~297~170~-6~-314~-12~0.1521739~1~0~emoji3~0.5108696~0.1195652~0.5108696~0.1195652~0.5108696~0.1195652~0.5108696~0.1195652, CustomDecal><216.0941><13.12527><-2~115~486~103~481~-4~-165~108~0~1~0~death gradient wasnt visible enough~1~0~1~0~1~0~1~0, LightSource><570.342><2829.873><0.1847826~EffectColor1~-6~34~-290~-146.3975~0~1~None~0~0, LightSource><570><2769><0.1847826~EffectColor1~-6~34~-290~-146.3975~0~1~None~0~0, LightSource><371><2252><0.1847826~EffectColor1~-6~34~-290~-146.3975~0~1~None~0~0, LightSource><368><1190><0.1847826~EffectColor1~-6~34~-290~-146.3975~0~1~None~0~0, LightSource><367><1252><0.1847826~EffectColor1~-6~34~-290~-146.3975~0~1~None~0~0, LightSource><367><125><0.1847826~EffectColor1~-6~34~-290~-146.3975~0~1~None~0~0, LightSource><368><1766><0.1847826~EffectColor1~-6~34~-290~-146.3975~0~1~None~0~0, 
FadePalette: 730, 0.3093298, 0.3402627, 0.3557291, 0.3634624
