Template: NONE
DangerType: Flood
Clouds: 0.3247963
Grime: 0.4768
RandomItemDensity: 0.3762681
RandomItemSpearChance: 0.3237318
Palette: 730
EffectColorA: 11
EffectColorB: 18
Effects: LightBurn-0.162398-20-20, ModifyEffectColorB-0,0.3608017,0.4149342-295.374-27.86667, 
PlacedObjects: LightSource><322.511><269.3389><0.4122739~Environment~36.99585~177.5111~50~86.60254~0~0~None~0~0, LightSource><494.3104><265.4222><0.4122739~Environment~36.99585~177.5111~50~86.60254~0~0~None~0~0, LightSource><672.175><278.2222><0.4122739~Environment~36.99585~177.5111~50~86.60254~0~0~None~0~0, LightSource><848.6167><276.8><0.4122739~Environment~36.99585~177.5111~50~86.60254~0~0~None~0~0, LightSource><1016.521><273.9556><0.4122739~Environment~36.99585~177.5111~50~86.60254~0~0~None~0~0, LightSource><206.6598><358.1861><0.5128055~EffectColor1~-2.845825~82.2222~50~86.60254~0~0~None~0~0, LightSource><1133.911><362.8445><0.6906711~EffectColor1~-2.134277~67.28891~-305.7292~81.62482~0~0~None~0~0, LightSource><211.15><296.7111><0.6597371~EffectColor1~-0.7114563~75.82217~50~86.60254~0~0~None~0~0, LightSource><1133.2><295.2889><0.7912028~EffectColor1~62.60852~44.53336~-305.7292~81.62482~0~0~None~0~0, CustomDecal><282.235><60.83336><9.248993~453.8666~229.9593~418.3111~221.4219~-5.688889~-311.6187~-24.17778~0.2474639~1~0~rustb2~0.685598~1~0.685598~1~0.685598~1~0.685598~1, CustomDecal><467.275><94.75555><9.248993~453.8666~229.9593~418.3111~221.4219~-5.688889~-311.6187~-24.17778~0.2474639~1~0~rustb2~0.685598~1~0.685598~1~0.685598~1~0.685598~1, CustomDecal><640.1594><104><9.248993~453.8666~229.9593~418.3111~221.4219~-5.688889~-311.6187~-24.17778~0.2474639~1~0~rustb2~0.685598~1~0.685598~1~0.685598~1~0.685598~1, CustomDecal><823.7156><104><9.248993~453.8666~229.9593~418.3111~221.4219~-5.688889~-311.6187~-24.17778~0.2474639~1~0~rustb2~0.685598~1~0.685598~1~0.685598~1~0.685598~1, CustomDecal><125.775><363.5556><-8.53746~-198.9334~400.7094~-203.9111~343.7928~-9.244415~374.2271~-182.7556~0.665059~1~0~rustb3~0.7680027~1~0.7680027~1~0.7680027~1~0.7680027~1, CustomDecal><300.0823><367.1111><-8.53746~-198.9334~400.7094~-203.9111~343.7928~-9.244415~374.2271~-182.7556~0.665059~1~0~rustb3~0.7680027~1~0.7680027~1~0.7680027~1~0.7680027~1, CustomDecal><489.3302><352.1778><-8.53746~-198.9334~400.7094~-203.9111~343.7928~-9.244415~-320.8677~-128.7112~0.665059~1~0~rustb3~0.7680027~1~0.7680027~1~0.7680027~1~0.7680027~1, CustomDecal><642.2938><351.4667><-8.53746~-198.9334~400.7094~-203.9111~343.7928~-9.244415~-320.8677~-128.7112~0.665059~1~0~rustb3~0.7680027~1~0.7680027~1~0.7680027~1~0.7680027~1, CustomDecal><813.7552><359.2889><-8.53746~-198.9334~400.7094~-203.9111~343.7928~-9.244415~-320.8677~-128.7112~0.665059~1~0~rustb3~0.7680027~1~0.7680027~1~0.7680027~1~0.7680027~1, 
AmbientSounds: OMNI><AM_IND-Midsex02.ogg><787.2299><563.1768><0.1597376><1, OMNI><RWTW_AmbWarehouse.ogg><781.1937><268.4641><0.5><0.7076837, SPOT><AM_ENV-NatWind.ogg><890.2144><387.1881><0.3685358><1><1208.003><261.3215><-84.44604><0.9113464><0><0.1, SPOT><AM_ENV-NatWind.ogg><841.5965><489.2108><0.3685343><1><130.6163><268.0552><-58.83346><-53.13313><0><0.1, SPOT><AM_IND-50hz.ogg><696.7183><341.7197><0.3917342><1><203.4443><347.4086><-35.35534><-35.35534><0><0.1, SPOT><AM_IND-50hz.ogg><783.1191><131.8179><0.3685349><1><1138.615><343.729><-35.35534><-35.35534><0><0.1, 
FadePalette: 3, 0.2242641
