Template: lnr_settingstemplate_wall-inside
Grime: 0.2826087
BkgDroneVolume: 0
Palette: 730
PlacedObjects: LightSource><1857.152><639.6744><1~EffectColor1~-2~61~81~-60.39746~0~0~None~0~0, LightSource><1856><580><1~EffectColor1~-2~61~81~-60.39746~0~0~None~0~0, LightSource><664.5568><444.0582><0.2065217~Environment~41~329~50~86.60254~0~0~None~0~0, LightSource><1024><562><0.2282609~Environment~36~197~50~86.60254~0~0~None~0~0, LightSource><1202><560><0.2282609~Environment~36~197~50~86.60254~0~0~None~0~0, LightSource><1377><565><0.2282609~Environment~36~197~50~86.60254~0~0~None~0~0, LightSource><1550><565><0.2282609~Environment~36~197~50~86.60254~0~0~None~0~0, LightSource><1724><565><0.2282609~Environment~158~242~50~86.60254~0~0~None~0~0, LightSource><471.0613><202.6837><0.2065217~Environment~-387~105~50~86.60254~0~0~None~0~0, CustomDecal><1439.313><413.178><0~365~359~373~364~-9~-407~-158~0.3478261~0.5652174~0~rustb2~0.6413044~1~0.6413044~1~0.6413044~1~0.6413044~1, CustomDecal><1277><377><0~365~359~373~364~-9~-407~-158~0.3152174~0.5652174~0~rustb2~0.6413044~1~0.6413044~1~0.6413044~1~0.6413044~1, CustomDecal><1084><403><0~365~359~373~364~-9~-407~-158~0.2934783~0.5652174~0~rustb2~0.6413044~1~0.6413044~1~0.6413044~1~0.6413044~1, CustomDecal><896><385><0~365~359~373~364~-9~-407~-158~0.2934783~0.5652174~0~rustb2~0.6413044~1~0.6413044~1~0.6413044~1~0.6413044~1, CustomDecal><717><401><0~365~359~373~364~-9~-407~-158~0.2934783~0.5652174~0~rustb2~0.6413044~1~0.6413044~1~0.6413044~1~0.6413044~1, CustomDecal><525><343><0~365~359~373~364~-9~-407~-158~0.2934783~0.5652174~0~rustb2~0.6413044~1~0.6413044~1~0.6413044~1~0.6413044~1, CustomDecal><12><398><0~365~359~373~364~-9~-407~-158~0.2934783~0.5652174~0~rustb2~0.6413044~1~0.6413044~1~0.6413044~1~0.6413044~1, CustomDecal><451><80><0~365~359~373~364~-9~-407~-158~0~0.5652174~0~rustb2~0.7717391~1~0.7717391~1~0.7717391~1~0.7717391~1, CustomDecal><152><131><1~224~544~199~558~-7~-407~-158~0~0.5652174~0~rustb2~0.7717391~1~0.7717391~1~0.7717391~1~0.7717391~1, CustomDecal><268><120><1~224~-484~205~-494~-14~197~150~0.07608695~0.5652174~0~rustb2~0.6956522~1~0.6956522~1~0.6956522~1~0.6956522~1, CustomDecal><1193><154><1~224~-484~205~-494~-14~197~150~0.07608695~0.5652174~0~rustb2~0.6956522~1~0.6956522~1~0.6956522~1~0.6956522~1, CustomDecal><997><120><1~224~658~222~658~-7~197~150~0.07608695~0.5652174~0~rustb2~0.6195652~1~0.6195652~1~0.6195652~1~0.6195652~1, CustomDecal><1438><130><1~224~658~222~658~-7~197~150~0.07608695~0.5652174~0~rustb2~0.6195652~1~0.6195652~1~0.6195652~1~0.6195652~1, CustomDecal><337><252><-6~491~493~490~475~-8~-434~-43~0~0.326087~0~rustb2~0.6195652~1~0.6195652~1~0.6195652~1~0.6195652~1, CustomDecal><262><326><-6~491~-416~508~-405~5~616~-76~0~0.326087~0~rustb2~0.6195652~1~0.6195652~1~0.6195652~1~0.6195652~1, ColouredLightSource><466.7345><149.4494><100~50~FF0000~93^-5~0.6195652~False~0~0~0.5~Always~0~100, 
AmbientSounds: OMNI><Mech Active.wav><716.0985><435.8806><0.1630435><1, OMNI><MSC-UnrelentingBreakage.ogg><698.6209><174.8472><0.25><0.2565217, 
FadePalette: 728, 0.7173913, 0.7826087
