Clouds: 0.3586957
TerrainGooHeight: 0.06521739
TerrainDepth: 0.3804278
Effects: FairyParticles-0.4891304-20-20, 
PlacedObjects: TerrainHandle><2114.197><299.7862><-40~0~241~-87~20, TerrainHandle><2812.2><261.1937><-163~-29~0~-192~20, BlackSpot><2799.885><6.321091><-7~291~461~182~493~-67, BlackSpot><2107.691><9.441109><15~271~74~231~79~3, CustomDecal><2015.367><287.8507><116~544~597~488~434~-83~495~-215~0.326087~0.6847826~0~rustb3~0.5~1~0.5~1~0.5~1~0.5~1, CustomDecal><1865><314><1~524~394~503~365~-34~495~-215~0.6413044~1~0~rustb3~0.5~1~0.5~1~0.5~1~0.5~1, CustomDecal><1169><621><457~888~830~448~485~-221~495~-215~0.326087~0.6847826~0~rustb3~0.5~1~0.5~1~0.5~1~0.5~1, CustomDecal><748><1163><344~643~968~618~466~-72~507~-82~0.6413044~1~0~rustb3~0.5~1~0.5~1~0.5~1~0.5~1, FloatingDebris><103.6308><2621.151><1852~-2234~885388576~30~30~1.065216~2.423913~58~333|672|1027|1639|2765~375|-344|-991|-1647|-2122~1.9|1.97|2.87|3.37|1.44~0|0|0|0|0.07~0|0|0|0|0~Stardust~0.5~0v0.69v0v0|0v0.55v0v0|0v0.62v0v0|0v0.56v0v0|0v0.66v0v0~0, TerrainSunOffset><2153.065><302.6891><1~-40, FairyParticleSettings><225.6222><2678.154><5~8.660254~0~1~1~0~1~2.383704~70.86945~495.2173~402.1739~630.4348~5~18.26095~105.6522~164.3478~0.04347826~0.06956482~0.1195652~0.1956522~0.3804348~0.5108696~1~0.2826087~7.790894~Leaf~SIN_IO~SIN_IO~0~0~0, 
