Template: si_settingstemplate_inside
Clouds: 0.5108696
Grime: 0.326087
Palette: 3
EffectColorA: 8
EffectColorB: 18
PlacedObjects: CustomDecal><2737.098><127.1741><-33~170~127~199~167~29~-333~216~0~1~0~wanderlust~0.5434783~0.2717391~0.5434783~0.2717391~0.5434783~0.2717391~0.5434783~0.2717391, CustomDecal><2673.442><105.3051><-13~82~134~116~160~29~-321~-136~0~1~0~whitetag7~0.5~0.2391304~0.5~0.2391304~0.5~0.2391304~0.5~0.2391304, CustomDecal><1166.286><49.80318><-1~138~91~137~80~-16~265~223~0.1195652~0.423913~0~rust1~1~0~1~0~1~0~1~0, CustomDecal><1147.962><453.9177><1~146~193~142~196~-1~77~-322~0~1~0~the abhorrent leskey salad~0.6847826~0~0.6847826~0~0.6847826~0~0.6847826~0, CustomDecal><268><47><-1~138~91~137~77~-37~265~223~0.1195652~0.423913~0~rust3~1~0~1~0~1~0~1~0, CustomDecal><596><216><-21~49~285~86~196~-1~-351~-191~0~1~0~whitetagdecent~0.4021739~0.2934783~0.4021739~0.2934783~0.4021739~0.2934783~0.4021739~0.2934783, SuperStructureFuses><200.8297><570.6135><178.0229~67.02216, SuperStructureFuses><2529.709><570.4398><237.7854~80.53339, CustomDecal><1034.868><439.1902><0.7114601~185.7777~345.9271~187.2~345.9271~-2.133331~706.4781~-106.6667~0~0.1029438~0~container green~0.2989356~0~0.2989356~0~0.2989356~0~0.2989356~0, 
FadePalette: 2, 0.3043478, 0.3043478, 0.3043478
WetTerrain: OFF
MorePalette0: 14, 0.2608696, 0.2608696, 0.2608696
