Template: si_settingstemplate_inside
Palette: 3
EffectColorA: 8
EffectColorB: 18
PlacedObjects: LightBeam><352.4892><790.2><13~731~435~734~420~-12~-321~55~0.1282607~0.2717391~0~1~None~0~0, CustomDecal><439.3132><1219.572><-2~170~257~171~260~-2~-309~-183~0~1~0~col~0.3695652~0.2065217~0.3695652~0.2065217~0.3695652~0.2065217~0.3695652~0.2065217, CustomDecal><455.6263><754.905><-14~108~118~131~137~18~-488~139~0~1~0~tag junk1~0.5~0.2717391~0.5~0.2717391~0.5~0.2717391~0.5~0.2717391, CustomDecal><439.7473><249.3391><11~164~259~164~254.1343~3.866669~-483~-154~0~1~0~bubblegum~0.7629302~0.1521739~0.7629302~0.1521739~0.7629302~0.1521739~0.7629302~0.1521739, DeathFallFocus><562.5299><499.8022><, DangleFruit><865.8125><1301.07><0~0~1~3, DangleFruit><909.9986><1245.7><0~0~2~3, SuperStructureFuses><47.81351><1409.068><116.8375~57.06659, CustomDecal><399.3637><728.6105><-1.422913~176.5333~343.0812~175.8222~344.5042~-7.111145~257.548~-28.44443~0~0.1338766~0~container blue~0.2370698~0~0.2370698~0~0.2370698~0~0.2370698~0, CustomDecal><394.4687><233.0667><-2.845825~196.4444~350.9072~194.3111~351.6188~-3.555573~-409.0884~-18.48886~0~0.1261434~0~container green~0.23707~0~0.23707~0~0.23707~0~0.23707~0, 
AmbientSounds: OMNI><AM_IND-Factory03.ogg><546.6295><179.0904><0.3804348><1, 
FadePalette: 2, 0.3586957, 0.3586957
MorePalette0: 14, 0.2934783, 0.2608696
