Template: NONE
Clouds: 0.1933309
Grime: 0.3453349
Palette: 3
EffectColorA: 8
EffectColorB: 2
Effects: SkyAndLightBloom-0.02319983-20-20, 
PlacedObjects: LightBeam><1398.516><357.2549><7.826111~416.8889~51.3833~416.1778~65.61249~-1.422241~-95.33542~-165.6889~0.09840459~0.3866617~0~1~None~0~0, LightBeam><1505.677><323.7333><7.826111~416.8889~51.3833~416.1778~65.61249~-1.422241~-95.33542~-165.6889~0.09840459~0.3866617~0~1~None~0~0, LightBeam><1603.147><353.6><7.826111~416.8889~51.3833~416.1778~65.61249~-1.422241~-95.33542~-165.6889~0.09840459~0.3866617~0~1~None~0~0, DeadSeedCob><767.0722><359.9778><, DeadSeedCob><852.6274><335.7214><, CustomDecal><118.7298><258.8629><5.691681~170.1333~185.8489~161.6~185.1375~1.422211~396.9938~-257.4222~0~1~0~whitetag5~0.5~0.2319973~0.5~0.2319973~0.5~0.2319973~0.5~0.2319973, CustomDecal><-5.671875><352.8889><2.134399~83.37775~117.5489~98.31113~126.7979~-2.844452~396.9938~-257.4222~0.03093288~1~0~whitetag3~0.5~0.3247959~0.5~0.3247959~0.5~0.3247959~0.5~0.3247959, CustomDecal><1380.921><299.0971><2.845825~298.8444~94.78229~299.5555~104.0313~-4.977783~-303.0812~-256~0.1778647~1~0~rust2~1~0.502661~1~0.502661~1~0.502661~1~0.502661, CustomDecal><1580.38><326.5778><2.845825~298.8444~94.78229~299.5555~104.0313~-4.977783~-303.0812~-256~0.1778647~1~0~rust3~1~0.502661~1~0.502661~1~0.502661~1~0.502661, CustomDecal><1485.756><286.0445><2.845825~298.8444~94.78229~299.5555~104.0313~-4.977783~-303.0812~-256~0.1778647~1~0~rust3~1~0.502661~1~0.502661~1~0.502661~1~0.502661, 
FadePalette: 2, 0.1488226, 0.1488223
